0.000000000000000000e+00 4.258949857017583440e+00 2.334088641226240296e-02
2.908882086657215652e-07 4.258949857017583440e+00 2.334088641226240296e-02
1.194915130507006291e-05 1.614427457445934744e+00 2.322841529480343392e-02
2.360741440147440490e-05 1.156989339883889301e+00 2.299124192454309740e-02
3.526567749787875027e-05 9.058070076634084922e-01 2.263763692956712384e-02
4.692394059428308886e-05 7.403021875998866408e-01 2.223921985677172405e-02
5.858220369068742746e-05 6.215136040571299647e-01 2.184887873669862784e-02
7.024046678709178638e-05 5.317824977154905763e-01 2.148315932291568892e-02
8.189872988349612497e-05 4.616090358156094697e-01 2.116467429531036781e-02
9.355699297990046357e-05 4.053161934989614745e-01 2.090433654549735468e-02
1.052152560763048022e-04 3.592604279345188445e-01 2.066446555004855870e-02
1.168735191727091408e-04 3.209789763583850708e-01 2.043749354692102685e-02
1.285317822691134794e-04 2.887402475110762423e-01 2.020644715307136005e-02
1.401900453655178451e-04 2.612882553107113148e-01 1.997084734659388891e-02
1.518483084619221836e-04 2.376886669618906711e-01 1.974046061127330762e-02
1.635065715583265222e-04 2.172316762488974706e-01 1.951841263552696673e-02
1.751648346547308608e-04 1.993683739973887981e-01 1.931305935710308716e-02
1.868230977511351994e-04 1.836677361254949459e-01 1.912394821250262486e-02
1.984813608475395380e-04 1.697867680524413891e-01 1.894390585984610798e-02
2.101396239439438766e-04 1.574493050617894740e-01 1.876334010458890686e-02
2.217978870403482152e-04 1.464306592781849936e-01 1.859283809891145237e-02
2.334561501367525538e-04 1.365463068691411541e-01 1.841729017337951843e-02
2.451144132331568924e-04 1.276434236674225398e-01 1.824355792666924880e-02
2.567726763295612039e-04 1.195944648904194996e-01 1.808036179029848256e-02
2.684309394259655696e-04 1.122922351370728850e-01 1.791473357071773215e-02
2.800892025223699353e-04 1.056460604389792834e-01 1.776280634449616327e-02
2.917474656187742468e-04 9.957878581006134044e-02 1.761640284692460659e-02
3.034057287151786125e-04 9.402439840094833912e-02 1.747322074166811692e-02
3.150639918115829240e-04 8.892612985270795245e-02 1.733017489492162319e-02
3.267222549079872897e-04 8.423492931799289596e-02 1.718661458643589920e-02
3.383805180043916012e-04 7.990822579758102839e-02 1.704353302394544245e-02
3.500387811007959669e-04 7.590891818810351077e-02 1.690231551897840301e-02
3.616970441972002783e-04 7.220454594868762344e-02 1.676949790658293152e-02
3.733553072936046440e-04 6.876660407112711315e-02 1.664128930936718473e-02
3.850135703900090097e-04 6.556997411972631529e-02 1.651774565190937405e-02
3.966718334864133212e-04 6.259244922246112730e-02 1.639162864663687436e-02
4.083300965828176869e-04 5.981433556217689851e-02 1.627504848587310593e-02
4.199883596792219984e-04 5.721811650655614367e-02 1.615471111196090104e-02
4.316466227756263641e-04 5.478816829768923258e-02 1.603367798374832551e-02
4.433048858720306756e-04 5.251051839318982006e-02 1.592505158764742981e-02
4.549631489684350413e-04 5.037263925627886996e-02 1.581269457636500994e-02
4.666214120648393528e-04 4.836327174032405141e-02 1.570481735184277305e-02
4.782796751612437185e-04 4.647227328514706712e-02 1.560334575919726519e-02
4.899379382576480842e-04 4.469048699936100516e-02 1.549377473658812912e-02
5.015962013540524499e-04 4.300962839178069236e-02 1.538886088408954189e-02
5.132544644504567072e-04 4.142218707134866229e-02 1.528661245650263061e-02
5.249127275468610729e-04 3.992134118663499820e-02 1.517599604845589444e-02
5.365709906432654386e-04 3.850088274420854911e-02 1.507835852608367146e-02
5.482292537396698043e-04 3.715515224674091621e-02 1.497809715343569395e-02
5.598875168360741700e-04 3.587898133969513043e-02 1.487727054728209958e-02
5.715457799324784273e-04 3.466764236019696799e-02 1.477123670900371867e-02
5.832040430288827930e-04 3.351680385137515567e-02 1.468281806110324252e-02
5.948623061252871587e-04 3.242249124660500498e-02 1.458852704540504475e-02
6.065205692216915244e-04 3.138105204590922737e-02 1.449551670484605301e-02
6.181788323180957816e-04 3.038912490544913581e-02 1.440362736170818295e-02
6.298370954145001473e-04 2.944361214395515083e-02 1.431294822575998604e-02
6.414953585109045130e-04 2.854165523983395042e-02 1.422377472078532011e-02
6.531536216073088787e-04 2.768061295177352832e-02 1.413661597894698245e-02
6.648118847037132444e-04 2.685804174576344669e-02 1.405418831511987855e-02
6.764701478001175017e-04 2.607167825404051523e-02 1.396905711559683766e-02
6.881284108965218674e-04 2.531942352778064620e-02 1.388512269128812197e-02
6.997866739929262331e-04 2.459932887639617455e-02 1.380801851676969824e-02
7.114449370893305988e-04 2.390958311289248170e-02 1.372229579728160599e-02
7.231032001857348561e-04 2.324850104758352173e-02 1.364121496113937342e-02
7.347614632821392218e-04 2.261451309213629787e-02 1.356168563471863743e-02
7.464197263785435875e-04 2.200615585288854745e-02 1.348347851779925326e-02
7.580779894749479532e-04 2.142206360706566323e-02 1.340644513626096206e-02
7.697362525713523189e-04 2.086096056824763428e-02 1.333050913957467380e-02
7.813945156677565762e-04 2.032165385848888964e-02 1.325574287146985553e-02
7.930527787641609419e-04 1.980302711411233152e-02 1.318566947243395536e-02
8.047110418605653076e-04 1.930403466058665599e-02 1.311494947471002030e-02
8.163693049569696733e-04 1.882369619922325335e-02 1.303201899628577548e-02
8.280275680533739305e-04 1.836109195484331505e-02 1.294109785182471703e-02
8.396858311497782962e-04 1.791535823918924408e-02 1.288854060202096474e-02
8.513440942461826619e-04 1.748568338979474696e-02 1.281065666499278319e-02
8.630023573425870276e-04 1.707130404837434515e-02 1.273407193699521885e-02
8.746606204389913933e-04 1.667150174662384438e-02 1.266629589637224135e-02
8.863188835353956506e-04 1.628559977070511908e-02 1.259780849722322293e-02
8.979771466318000163e-04 1.591296027867808785e-02 1.252807214436652342e-02
9.096354097282043820e-04 1.555298164779059245e-02 1.245199456159119984e-02
9.212936728246087477e-04 1.520509603088454273e-02 1.240074479392204443e-02
9.329519359210130050e-04 1.486876710326194215e-02 1.234325181538185705e-02
9.446101990174173707e-04 1.454348798320883630e-02 1.229729673641532899e-02
9.562684621138217364e-04 1.422877931102691472e-02 1.222422851834962729e-02
9.679267252102261021e-04 1.392418747289527435e-02 1.215512478809697809e-02
9.795849883066304678e-04 1.362928295720032199e-02 1.209250712559201309e-02
9.912432514030348335e-04 1.334365883214768192e-02 1.203063555850347917e-02
1.002901514499439199e-03 1.306692933452300968e-02 1.196964590060566568e-02
1.014559777595843348e-03 1.279872856041228656e-02 1.190967260384875361e-02
1.026218040692247714e-03 1.253870924953911885e-02 1.185070707782732297e-02
1.037876303788652079e-03 1.228654165563778863e-02 1.180377819949026894e-02
1.049534566885056445e-03 1.204191249596510589e-02 1.172408381180039746e-02
1.061192829981460811e-03 1.180452397367077674e-02 1.166565518124144940e-02
1.072851093077865177e-03 1.157409286730182174e-02 1.160780731665143374e-02
1.084509356174269542e-03 1.135034968221797919e-02 1.155051315571657168e-02
1.096167619270673908e-03 1.113303785914850595e-02 1.149375754373003523e-02
1.107825882367078274e-03 1.092191303553048838e-02 1.143753544349779966e-02
1.119484145463482639e-03 1.071674235563984875e-02 1.138182567338831899e-02
1.131142408559886788e-03 1.051730382586259227e-02 1.132660276200134208e-02
1.142800671656291154e-03 1.032338571175879863e-02 1.123624209193385161e-02
1.154458934752695520e-03 1.013478597384888033e-02 1.119594378977254064e-02
1.166117197849099885e-03 9.951311739303305218e-03 1.116390485633708338e-02
1.177775460945504251e-03 9.772778806945887908e-03 1.111064694331492103e-02
1.189433724041908617e-03 9.599011183189414334e-03 1.104849120985899359e-02
1.201091987138312982e-03 9.429840646712144003e-03 1.099577908069987106e-02
1.212750250234717348e-03 9.265106339857035259e-03 1.094354701684418715e-02
1.224408513331121714e-03 9.104654384893832303e-03 1.089177232360612028e-02
1.236066776427525863e-03 8.948337523428518195e-03 1.084045337992711397e-02
1.247725039523930228e-03 8.796014777376737204e-03 1.081087807497820713e-02
1.259383302620334594e-03 8.647551130038923922e-03 1.073929478429821657e-02
1.271041565716738960e-03 8.502817225925224029e-03 1.068954760122288287e-02
1.282699828813143325e-03 8.361689088080196189e-03 1.064045016858672192e-02
1.294358091909547691e-03 8.224047851749934426e-03 1.059211068454895058e-02
1.306016355005952057e-03 8.089779513320110443e-03 1.054465957651628052e-02
1.317674618102356423e-03 7.958774693531530872e-03 1.050179890757622567e-02
1.329332881198760788e-03 7.830928414052215278e-03 1.042765178515108089e-02
1.340991144295164937e-03 7.706139886551235940e-03 1.036597154974088289e-02
1.352649407391569303e-03 7.584312313480673882e-03 1.035983377123380657e-02
1.364307670487973669e-03 7.465352699828300097e-03 1.031329886175154364e-02
1.375965933584378034e-03 7.349171675155568434e-03 1.028274784555415627e-02
1.387624196680782400e-03 7.235683325283104837e-03 1.023700324193838399e-02
1.399282459777186766e-03 7.124805033030361980e-03 1.018123326891864043e-02
1.410940722873591131e-03 7.016457327456623698e-03 1.013630409536852781e-02
1.422598985969995497e-03 6.910563741088348449e-03 1.008916222677299496e-02
1.434257249066399863e-03 6.807050674652782678e-03 1.004190316366662845e-02
1.445915512162804012e-03 6.705847268869809252e-03 9.997929114679606974e-03
1.457573775259208377e-03 6.606885282884049360e-03 9.954307716982928669e-03
1.469232038355612743e-03 6.510098978946902461e-03 9.911036705059727420e-03
1.480890301452017109e-03 6.415425012983636509e-03 9.869635368275725754e-03
1.492548564548421474e-03 6.322802330704752408e-03 9.827055952155518831e-03
1.504206827644825840e-03 6.232172068942609666e-03 9.784868177680407231e-03
1.515865090741230206e-03 6.143477461915033619e-03 9.743068231179503186e-03
1.527523353837634571e-03 6.056663752136502710e-03 9.701658920773641517e-03
1.539181616934038937e-03 5.971678105715311734e-03 9.664507183553664588e-03
1.550839880030443086e-03 5.888469531791547772e-03 9.623540417060441610e-03
1.562498143126847452e-03 5.806988805885987190e-03 9.582866452705719046e-03
1.574156406223251817e-03 5.727188396944359570e-03 9.542481143834654483e-03
1.585814669319656183e-03 5.649022397874656903e-03 9.502380559594575046e-03
1.597472932416060549e-03 5.572446459387538423e-03 9.462559707661232292e-03
1.609131195512464915e-03 5.497417726961504984e-03 9.416065911214990120e-03
1.620789458608869280e-03 5.423894780765175019e-03 9.376732819354052090e-03
1.632447721705273646e-03 5.351837578379148308e-03 9.337692611896170752e-03
1.644105984801678012e-03 5.281207400169230654e-03 9.298942642127805067e-03
1.655764247898082160e-03 5.211966797171697745e-03 9.260477890954871977e-03
1.667422510994486526e-03 5.144079541359270966e-03 9.208895333552928261e-03
1.679080774090890892e-03 5.077510578164397791e-03 9.141025321560598133e-03
1.690739037187295258e-03 5.012225981143333606e-03 9.133686912126686916e-03
1.702397300283699623e-03 4.948192908671443339e-03 9.109362494591452183e-03
1.714055563380103989e-03 4.885379562566290884e-03 9.092235529534028332e-03
1.725713826476508355e-03 4.823755148541050003e-03 9.006184254826278546e-03
1.737372089572912720e-03 4.763289838396222650e-03 8.971611859571335112e-03
1.749030352669317086e-03 4.703954733862866951e-03 8.936181108777804111e-03
1.760688615765721235e-03 4.645721832015370888e-03 8.900058147409973738e-03
1.772346878862125601e-03 4.588563992176340582e-03 8.863141683412480848e-03
1.784005141958529966e-03 4.532454904240477631e-03 8.824979446037453656e-03
1.795663405054934332e-03 4.477369058348303760e-03 8.819281710371629571e-03
1.807321668151338698e-03 4.423281715844360612e-03 8.784154472820481299e-03
1.818979931247743063e-03 4.370168881458070392e-03 8.734638946426868597e-03
1.830638194344147429e-03 4.318007276648754694e-03 8.714657721144967312e-03
1.842296457440551795e-03 4.266774314059452143e-03 8.701563094977229906e-03
1.853954720536956161e-03 4.216448073027102839e-03 8.654238655516049289e-03
1.865612983633360309e-03 4.167007276099469158e-03 8.620369735634784980e-03
1.877271246729764675e-03 4.118431266511746354e-03 8.586739568494048194e-03
1.888929509826169041e-03 4.070699986578289221e-03 8.553343336417412734e-03
1.900587772922573407e-03 4.023793956957185704e-03 8.520172156081959325e-03
1.912246036018977772e-03 3.977694256747614857e-03 8.487216842403428815e-03
1.923904299115382138e-03 3.932382504381955364e-03 8.454476638516899775e-03
1.935562562211786504e-03 3.887840839276590112e-03 8.421953939816722093e-03
1.947220825308190869e-03 3.844051904207129115e-03 8.389647511021067552e-03
1.958879088404595452e-03 3.800998828375572874e-03 8.357555131421371200e-03
1.970537351500999818e-03 3.758665211138518137e-03 8.325673168471870583e-03
1.982195614597404183e-03 3.717035106367063638e-03 8.293996898543889995e-03
1.993853877693808549e-03 3.676093007410537530e-03 8.262520879422117354e-03
2.005512140790212915e-03 3.635823832637562897e-03 8.231239947183534300e-03
2.017170403886617280e-03 3.596212911529211159e-03 8.200152603610750407e-03
2.028828666983021212e-03 3.557245971300340183e-03 8.169259625277446035e-03
2.040486930079425578e-03 3.518909124026229577e-03 8.139141735382833531e-03
2.052145193175829944e-03 3.481188854252894194e-03 8.109346657804519104e-03
2.063803456272234309e-03 3.444072007070360202e-03 8.089187554469679658e-03
2.075461719368638675e-03 3.407545776629229781e-03 8.064019291988014024e-03
2.087119982465043041e-03 3.371597695081848031e-03 8.008078286156544712e-03
2.098778245561447407e-03 3.336215621930142382e-03 7.991671193956115596e-03
2.110436508657851772e-03 3.301387733763224905e-03 7.948571950730605115e-03
2.122094771754256138e-03 3.267102514368438494e-03 7.919086135216441003e-03
2.133753034850660504e-03 3.233348745200472982e-03 7.889777239578199888e-03
2.145411297947064869e-03 3.200115496193749187e-03 7.860641610352429864e-03
2.157069561043469235e-03 3.167392116904057826e-03 7.831675812400960487e-03
2.168727824139873601e-03 3.135168227965988777e-03 7.802877594850683197e-03
2.180386087236277966e-03 3.103433712853387490e-03 7.774245003605424927e-03
2.192044350332682332e-03 3.072178709930572290e-03 7.745777056203833819e-03
2.203702613429086698e-03 3.041393604782686479e-03 7.717473293216464865e-03
2.215360876525491064e-03 3.011069022813994949e-03 7.689331974128655982e-03
2.227019139621895429e-03 2.981195822103503180e-03 7.661349807294014214e-03
2.238677402718299795e-03 2.951765086507714044e-03 7.633523172785400268e-03
2.250335665814703727e-03 2.922768119000805371e-03 7.605849192633031518e-03
2.261993928911108093e-03 2.894196435242909777e-03 7.578328422430620492e-03
2.273652192007512458e-03 2.866041757367646624e-03 7.550962134890027572e-03
2.285310455103916824e-03 2.838296007980363467e-03 7.445672156285282860e-03
2.296968718200321190e-03 2.810951304358987567e-03 7.447995768644562718e-03
2.308626981296725555e-03 2.783999952849694221e-03 7.432294693235228650e-03
2.320285244393129921e-03 2.757434443449939543e-03 7.443051995161872186e-03
2.331943507489534287e-03 2.731247444571741415e-03 7.416460990251634751e-03
2.343601770585938653e-03 2.705431797978389858e-03 7.390021955544811769e-03
2.355260033682343018e-03 2.679980513888035633e-03 7.374326097584900722e-03
2.366918296778747384e-03 2.654886766237912494e-03 7.348216192395744598e-03
2.378576559875151750e-03 2.630143888103190098e-03 7.322254267141766436e-03
2.390234822971556115e-03 2.605745367264722129e-03 7.263828921598598602e-03
2.401893086067960481e-03 2.581684841920173223e-03 7.238484486868610422e-03
2.413551349164364847e-03 2.557956096533250262e-03 7.236930055403816009e-03
2.425209612260769212e-03 2.534553057815979588e-03 7.235076365565275107e-03
2.436867875357173578e-03 2.511469790839183317e-03 7.209871937577952417e-03
2.448526138453577944e-03 2.488700495266486616e-03 7.169513844638787485e-03
2.460184401549981876e-03 2.466239501707403331e-03 7.144553149745489981e-03
2.471842664646386242e-03 2.444081268185200034e-03 7.119731930163543214e-03
2.483500927742790607e-03 2.422220376715460578e-03 7.074756580523210853e-03
2.495159190839194973e-03 2.400651529991361301e-03 7.050177153409059247e-03
2.506817453935599339e-03 2.379369548171895998e-03 7.025723065711083487e-03
2.518475717032003704e-03 2.358369365769402096e-03 7.001395919085353498e-03
2.530133980128408070e-03 2.337646028632907325e-03 6.977197363141654854e-03
2.541792243224812436e-03 2.317194691023912421e-03 6.953129849305980312e-03
2.553450506321216801e-03 2.297010612781423197e-03 6.929196091948967851e-03
2.565108769417621167e-03 2.277089156573087764e-03 6.905398775061877617e-03
2.576767032514025533e-03 2.257425785229514193e-03 6.881740500747792963e-03
2.588425295610429899e-03 2.238016059158852954e-03 6.887930136462545698e-03
2.600083558706834264e-03 2.218855633838932775e-03 6.865015943136315926e-03
2.611741821803238630e-03 2.199940257384268901e-03 6.842135476774983266e-03
2.623400084899642996e-03 2.181265768185440112e-03 6.819315327613767984e-03
2.635058347996047361e-03 2.162828092618341701e-03 6.739636394147071989e-03
2.646716611092451727e-03 2.144623242820984689e-03 6.712904525875921374e-03
2.658374874188856093e-03 2.126647314535572673e-03 6.684430126077865915e-03
2.670033137285260025e-03 2.108896485013671013e-03 6.652461397553937825e-03
2.681691400381664390e-03 2.091367010982360213e-03 6.612054264695074041e-03
2.693349663478068756e-03 2.074055226669372504e-03 6.657864274981933374e-03
2.705007926574473122e-03 2.056957541885241856e-03 6.635543050220889770e-03
2.716666189670877488e-03 2.040070440160616453e-03 6.613340682706827373e-03
2.728324452767281853e-03 2.023390476936902209e-03 6.591255894025665855e-03
2.739982715863686219e-03 2.006914277808526884e-03 6.569287453983499274e-03
2.751640978960090585e-03 1.990638536815120437e-03 6.565971890365071041e-03
2.763299242056494950e-03 1.974560014782020863e-03 6.545103440326607673e-03
2.774957505152899316e-03 1.958675537707538217e-03 6.522930458695804130e-03
2.786615768249303682e-03 1.942981995195473648e-03 6.487265538195041356e-03
2.798274031345708047e-03 1.927476338931458002e-03 6.465931343358507707e-03
2.809932294442112413e-03 1.912155581201700717e-03 6.444706624669905778e-03
2.821590557538516779e-03 1.897016793452828247e-03 6.423589505409644206e-03
2.833248820634921145e-03 1.882057104891485168e-03 6.402578107196712359e-03
2.844907083731325510e-03 1.867273701122470868e-03 6.381670626759191299e-03
2.856565346827729876e-03 1.852663822824194900e-03 6.360865920591827864e-03
2.868223609924134242e-03 1.838224764460289406e-03 6.340164067610902683e-03
2.879881873020538174e-03 1.823953873026251454e-03 6.314361140741312807e-03
2.891540136116942539e-03 1.809848546830030228e-03 6.293816327123122681e-03
2.903198399213346905e-03 1.795906234305526044e-03 6.273376633974540179e-03
2.914856662309751271e-03 1.782124432857968167e-03 6.253041738011884225e-03
2.926514925406155637e-03 1.768500687740209507e-03 6.232811134824766362e-03
2.938173188502560002e-03 1.755032590958993666e-03 6.212684067046250064e-03
2.949831451598964368e-03 1.741717780210288568e-03 6.192659547470405479e-03
2.961489714695368734e-03 1.728553937842788098e-03 6.172736098932486183e-03
2.973147977791773099e-03 1.715538789848766212e-03 6.152912131825829731e-03
2.984806240888177465e-03 1.702670104881420917e-03 6.133186230550456870e-03
2.996464503984581831e-03 1.689945693297955276e-03 6.113557017234965557e-03
3.008122767080986196e-03 1.677363406227600894e-03 6.094023044579430053e-03
3.019781030177390562e-03 1.664921134663856217e-03 6.074582815828249820e-03
3.031439293273794928e-03 1.652616808580213616e-03 6.055234931331383158e-03
3.043097556370199294e-03 1.640448396068701570e-03 6.041860749373771829e-03
3.054755819466603659e-03 1.628413902500545213e-03 6.022746317557147941e-03
3.066414082563008025e-03 1.616511369708323797e-03 6.003724955778495624e-03
3.078072345659412391e-03 1.604738875188979315e-03 5.984795972439495466e-03
3.089730608755816756e-03 1.593094531327082569e-03 5.965957520274744325e-03
3.101388871852220688e-03 1.581576484637765585e-03 5.947207672101184964e-03
3.113047134948625054e-03 1.570182915028750081e-03 5.928545432497718537e-03
3.124705398045029420e-03 1.558912035080933138e-03 5.909970082473921422e-03
3.136363661141433785e-03 1.547762089346987110e-03 5.891480919290313298e-03
3.148021924237838151e-03 1.536731353667471775e-03 5.873077658752885559e-03
3.159680187334242517e-03 1.525818134503946792e-03 5.854759511939439803e-03
3.171338450430646883e-03 1.515020768288614320e-03 5.836525474989784877e-03
3.182996713527051248e-03 1.504337620790026061e-03 5.818374908796214787e-03
3.194654976623455614e-03 1.493767086494390004e-03 5.800307520793190896e-03
3.206313239719859980e-03 1.483307588002059051e-03 5.792763059839843402e-03
3.217971502816264345e-03 1.472957575438751119e-03 5.774609601706598601e-03
3.229629765912668711e-03 1.462715525881122785e-03 5.739757600806504219e-03
3.241288029009073077e-03 1.452579942796272108e-03 5.721980529152635546e-03
3.252946292105477442e-03 1.442549355494795061e-03 5.720973421655367597e-03
3.264604555201881808e-03 1.432622318597027815e-03 5.703172423682684698e-03
3.276262818298286174e-03 1.422797411512102773e-03 5.669160033967592972e-03
3.287921081394690540e-03 1.413073237929477702e-03 5.651721390803026400e-03
3.299579344491094905e-03 1.403448425322584726e-03 5.634365557164054163e-03
3.311237607587498837e-03 1.393921624464286493e-03 5.617091732951869608e-03
3.322895870683903203e-03 1.384491508953807548e-03 5.599899076593769717e-03
3.334554133780307569e-03 1.375156774754834714e-03 5.582786747816003738e-03
3.346212396876711934e-03 1.365916139744488772e-03 5.565753892308804643e-03
3.357870659973116300e-03 1.356768343272867546e-03 5.554688530240399665e-03
3.369528923069520666e-03 1.347712145732893893e-03 5.427944479077365103e-03
3.381187186165925031e-03 1.338746328140176522e-03 5.515122646838767351e-03
3.392845449262329397e-03 1.329869691722627978e-03 5.498397960147205152e-03
3.404503712358733763e-03 1.321081057519579152e-03 5.481747725692521188e-03
3.416161975455138129e-03 1.312379265990145727e-03 5.465170886315730975e-03
3.427820238551542494e-03 1.303763176630586993e-03 5.469176113634750987e-03
3.439478501647946860e-03 1.295231667600444531e-03 5.452793724469121028e-03
3.451136764744351226e-03 1.286783635357210531e-03 5.436483564883133959e-03
3.462795027840755591e-03 1.278417994299319103e-03 5.420245792655582415e-03
3.474453290937159957e-03 1.270133676417234403e-03 5.404080477910060826e-03
3.486111554033564323e-03 1.261929630952433705e-03 5.332846849077163207e-03
3.497769817129968688e-03 1.253804824064074430e-03 5.317256004435243211e-03
3.509428080226373054e-03 1.245758238503156482e-03 5.301404187648367343e-03
3.521086343322776986e-03 1.237788873293982350e-03 5.285285501251481104e-03
3.532744606419181352e-03 1.229895743422726321e-03 5.268869485402082053e-03
3.544402869515585718e-03 1.222077879532941719e-03 5.252095098186918692e-03
3.556061132611990083e-03 1.214334327627816443e-03 5.234857547724808963e-03
3.567719395708394449e-03 1.206664148779023260e-03 5.216979580236930612e-03
3.579377658804798815e-03 1.199066418841979479e-03 5.240480855456051100e-03
3.591035921901203180e-03 1.191540228177371142e-03 5.224958119935301307e-03
3.602694184997607546e-03 1.184084681378776930e-03 5.209505287552411261e-03
3.614352448094011912e-03 1.176698897006238278e-03 5.215608021076368131e-03
3.626010711190416277e-03 1.169382007325635167e-03 5.200345581025042629e-03
3.637668974286820643e-03 1.162133158053715821e-03 5.185149022887277151e-03
3.649327237383225009e-03 1.154951508108643683e-03 5.148387241999263439e-03
3.660985500479629375e-03 1.147836229365926377e-03 5.133278386219705322e-03
3.672643763576033740e-03 1.140786506419592646e-03 5.118236460083048882e-03
3.684302026672438106e-03 1.133801536348489746e-03 5.125018318203499422e-03
3.695960289768842472e-03 1.126880528487577077e-03 5.096502062983183055e-03
3.707618552865246837e-03 1.120022704204092206e-03 5.081675185405906681e-03
3.719276815961651203e-03 1.113227296678470472e-03 5.066913354052592078e-03
3.730935079058055135e-03 1.106493550689908231e-03 5.052216379523488156e-03
3.742593342154459501e-03 1.099820722406450466e-03 5.037584239496820278e-03
3.754251605250863866e-03 1.093208079179501307e-03 5.023016637615734456e-03
3.765909868347268232e-03 1.086654899342642724e-03 5.000223706594889191e-03
3.777568131443672598e-03 1.080160472014668818e-03 4.985752047533259859e-03
3.789226394540076964e-03 1.073724096906724041e-03 4.971340670278126712e-03
3.800884657636481329e-03 1.067345084133457071e-03 4.956989087033686001e-03
3.812542920732885695e-03 1.061022754028089973e-03 4.951107145787198016e-03
3.824201183829290061e-03 1.054756436961313496e-03 4.936902971507830737e-03
3.835859446925694426e-03 1.048545473163910516e-03 4.922757302714253665e-03
3.847517710022098792e-03 1.042389212553034537e-03 4.908670530204926365e-03
3.859175973118503158e-03 1.036287014562040695e-03 4.894642835864176748e-03
3.870834236214907523e-03 1.030238247973801376e-03 4.880674196901797594e-03
3.882492499311311889e-03 1.024242290757412148e-03 4.866764384931320311e-03
3.894150762407716255e-03 1.018298529908220765e-03 4.852912871278414024e-03
3.905809025504120621e-03 1.012406361291095331e-03 4.839119756358499502e-03
3.917467288600524553e-03 1.006565189486856391e-03 4.825384659473889830e-03
3.929125551696928918e-03 1.000774427641805712e-03 4.811707077191757463e-03
3.940783814793333284e-03 9.950334973202760915e-04 4.798086335532789071e-03
3.952442077889737650e-03 9.893418283601332266e-04 4.784521974257849655e-03
3.964100340986142015e-03 9.836988587311646000e-04 4.771013478701802320e-03
3.975758604082546381e-03 9.781040343962870733e-04 4.757560050097807934e-03
3.987416867178950747e-03 9.725568091755124739e-04 4.744160940703266022e-03
3.999075130275355112e-03 9.670566446126042806e-04 4.730815669845117068e-03
4.010733393371759478e-03 9.616030098443694623e-04 4.717523750478945857e-03
4.022391656468163844e-03 9.561953814725218269e-04 4.704285258751154074e-03
4.034049919564568210e-03 9.508332434380625635e-04 4.691100470742382705e-03
4.045708182660972575e-03 9.455160868981204048e-04 4.677969515373976706e-03
4.057366445757376074e-03 9.402434101051958997e-04 4.664892031379820093e-03
4.069024708853780439e-03 9.350147182887563442e-04 4.656931603242052235e-03
4.080682971950184805e-03 9.298295235391306314e-04 4.644922057351891578e-03
4.092341235046589171e-03 9.246873446936521935e-04 4.633151996214716906e-03
4.103999498142993536e-03 9.195877072249998389e-04 4.621648951483950558e-03
4.115657761239397902e-03 9.145301431316879125e-04 4.610448691412939552e-03
4.127316024335802268e-03 9.095141908306629509e-04 4.599597634290502474e-03
4.138974287432206633e-03 9.045393950519494807e-04 4.589158135918878882e-03
4.150632550528610999e-03 8.996053067353193718e-04 4.552608003207369788e-03
4.162290813625015365e-03 8.947114829289179580e-04 4.539968624684975751e-03
4.173949076721419731e-03 8.898574866898227489e-04 4.527378929060964750e-03
4.185607339817824096e-03 8.850428869864829066e-04 4.529335502812380926e-03
4.197265602914228462e-03 8.802672586030029509e-04 4.502347313291103423e-03
4.208923866010632828e-03 8.755301820452291665e-04 4.489905753100490587e-03
4.220582129107037193e-03 8.708312434486018515e-04 4.477513882100932902e-03
4.232240392203441559e-03 8.661700344877316634e-04 4.478789416454692293e-03
4.243898655299845925e-03 8.615461522876699226e-04 4.452879035696367602e-03
4.255556918396250290e-03 8.569591993368303731e-04 4.454571841409148136e-03
4.267215181492654656e-03 8.524087834015288976e-04 4.428441087463441846e-03
4.278873444589059022e-03 8.478945174421107216e-04 4.416294786406309292e-03
4.290531707685463388e-03 8.434160195306269429e-04 4.404196240744642950e-03
4.302189970781867753e-03 8.389729127700275334e-04 4.392145012636572421e-03
4.313848233878272119e-03 8.345648252148458795e-04 4.380140774779776175e-03
4.325506496974676485e-03 8.301913897933319237e-04 4.368183233047329139e-03
4.337164760071080850e-03 8.258522442310168871e-04 4.356272086402685796e-03
4.348823023167485216e-03 8.215470309756676146e-04 4.344407046758417233e-03
4.360481286263889582e-03 8.172753971236104828e-04 4.332587839636780833e-03
4.372139549360293947e-03 8.130369943473902874e-04 4.320814379403778438e-03
4.383797812456698313e-03 8.088314788247425325e-04 4.309086594700837353e-03
4.395456075553102679e-03 8.046585111688451869e-04 4.297404359532433667e-03
4.407114338649507045e-03 8.005177563598298495e-04 4.285767463071046141e-03
4.418772601745911410e-03 7.964088836775203408e-04 4.274175588644873146e-03
4.430430864842315776e-03 7.923315666353820215e-04 4.262628252598810868e-03
4.442089127938720142e-03 7.882854829156469298e-04 4.251124960067365240e-03
4.453747391035124507e-03 7.842703143055973882e-04 4.239665187565375658e-03
4.465405654131528873e-03 7.802857466349855282e-04 4.228248410377699260e-03
4.477063917227933239e-03 7.763314697145587027e-04 4.216874090668012824e-03
4.488722180324336737e-03 7.724071772756763632e-04 4.205541810767501019e-03
4.500380443420741103e-03 7.685125669109906486e-04 4.194251438456206640e-03
4.512038706517145469e-03 7.646473400161736631e-04 4.183003158645220466e-03
4.523696969613549834e-03 7.608112017326655293e-04 4.171797055556250231e-03
4.535355232709954200e-03 7.570038608914284733e-04 4.160633177777908233e-03
4.547013495806358566e-03 7.532250299576807038e-04 4.149511510410045650e-03
4.558671758902762931e-03 7.494744249765970725e-04 4.138432046898819945e-03
4.570330021999167297e-03 7.457517655199509326e-04 4.127394716746942555e-03
4.581988285095571663e-03 7.420567746336837476e-04 4.116399487131019302e-03
4.593646548191976028e-03 7.383891787863804427e-04 4.105446344183708886e-03
4.605304811288380394e-03 7.347487078186349958e-04 4.094535138748142157e-03
4.616963074384784760e-03 7.311350948932873999e-04 4.083665603632428108e-03
4.628621337481189126e-03 7.275480764465167135e-04 4.072837438967483181e-03
4.640279600577593491e-03 7.239873921397687283e-04 4.062050374696099878e-03
4.651937863673997857e-03 7.204527848125095828e-04 4.051304145841838102e-03
4.663596126770402223e-03 7.169440004357816856e-04 4.040598462923930372e-03
4.675254389866806588e-03 7.134607880665506724e-04 4.029933016013243115e-03
4.686912652963210954e-03 7.100028998028280009e-04 4.019307452574066505e-03
4.698570916059615320e-03 7.065700907395506452e-04 4.019260216168041126e-03
4.710229179156019685e-03 7.031621189252093215e-04 4.008724779439708924e-03
4.721887442252424051e-03 6.997787453192038905e-04 3.998228739108768484e-03
4.733545705348828417e-03 6.964197337499176922e-04 3.987771656502847074e-03
4.745203968445232783e-03 6.930848508734929270e-04 3.977353185746204320e-03
4.756862231541637148e-03 6.897738661332980829e-04 3.966972891134830891e-03
4.768520494638041514e-03 6.864865517200683265e-04 3.956630437737332535e-03
4.780178757734445880e-03 6.832226825327119201e-04 3.946325779020488402e-03
4.791837020830850245e-03 6.799820361397662920e-04 3.936058793755727037e-03
4.803495283927254611e-03 6.767643927414930278e-04 3.925829179311061262e-03
4.815153547023658977e-03 6.735695351326000720e-04 3.915636588692552288e-03
4.826811810120063342e-03 6.703972486655755290e-04 3.905480548557048112e-03
4.838470073216467708e-03 6.672473212146288329e-04 3.895361173613965614e-03
4.850128336312872074e-03 6.641195431402203151e-04 3.885278004497959552e-03
4.861786599409276440e-03 6.610137072541737461e-04 3.875231016208621933e-03
4.873444862505680805e-03 6.579296087853565671e-04 3.865220118157825045e-03
4.885103125602085171e-03 6.548670453459215198e-04 3.855245249428234343e-03
4.896761388698489537e-03 6.518258168980951492e-04 3.845306163937439303e-03
4.908419651794893035e-03 6.488057257215077561e-04 3.835402637969363010e-03
4.920077914891297401e-03 6.458065763810478871e-04 3.825534405176576978e-03
4.931736177987701766e-03 6.428281756952408188e-04 3.815701347481180450e-03
4.943394441084106132e-03 6.398703327051313058e-04 3.805903487972923157e-03
4.955052704180510498e-03 6.369328586436713482e-04 3.796140926319235658e-03
4.966710967276914863e-03 6.340155669055947676e-04 3.786413687205393477e-03
4.978369230373319229e-03 6.311182730177755532e-04 3.782844909586243181e-03
4.990027493469723595e-03 6.282407946100592453e-04 3.773090274647627335e-03
5.001685756566127961e-03 6.253829513865602008e-04 3.763400036778886005e-03
5.013344019662532326e-03 6.225445650974110795e-04 3.753772028224521950e-03
5.025002282758936692e-03 6.197254595109632494e-04 3.744206984795618240e-03
5.036660545855341058e-03 6.169254603864280295e-04 3.734706547119435657e-03
5.048318808951745423e-03 6.141443954469447825e-04 3.725272073235468429e-03
5.059977072048149789e-03 6.113820943530793271e-04 3.715902651531656845e-03
5.071635335144554155e-03 6.086383886767319628e-04 3.706595940542831147e-03
5.083293598240958520e-03 6.059131118754616102e-04 3.697348712671622278e-03
5.094951861337362886e-03 6.032060992672055779e-04 3.688157721845835776e-03
5.106610124433767252e-03 6.005171880053973392e-04 3.679020125233185227e-03
5.118268387530171618e-03 5.978462170544698515e-04 3.669932436991495822e-03
5.129926650626575983e-03 5.951930271657409482e-04 3.660890386924786459e-03
5.141584913722980349e-03 5.925574608536711549e-04 3.651889129672310826e-03
5.153243176819384715e-03 5.899393623724907831e-04 3.642924328632681039e-03
5.164901439915789080e-03 5.873385776931834036e-04 3.633989196322616813e-03
5.176559703012193446e-03 5.847549544808303568e-04 3.625077072702254793e-03
5.188217966108597812e-03 5.821883420722973306e-04 3.616181201019526541e-03
5.199876229205002177e-03 5.796385914542665808e-04 3.607296671544633123e-03
5.211534492301406543e-03 5.771055552416030866e-04 3.583980979760596503e-03
5.223192755397810909e-03 5.745890876560526880e-04 3.589547789861958181e-03
5.234851018494215275e-03 5.720890445052642919e-04 3.565848464328510471e-03
5.246509281590619640e-03 5.696052831621294240e-04 3.571855172466919734e-03
5.258167544687024006e-03 5.671376625444370665e-04 3.547843675468790019e-03
5.269825807783428372e-03 5.646860430948355417e-04 3.554327057813439286e-03
5.281484070879832737e-03 5.622502867610969972e-04 3.545657774779486897e-03
5.293142333976237103e-03 5.598302569766786365e-04 3.537066127800910648e-03
5.304800597072641469e-03 5.574258186415778768e-04 3.537087520948441893e-03
5.316458860169045834e-03 5.550368381034728694e-04 3.526200965113550009e-03
5.328117123265450200e-03 5.526631831391465386e-04 3.515937648265008309e-03
5.339775386361853698e-03 5.503047229361878508e-04 3.477110525828910632e-03
5.351433649458258064e-03 5.479613280749654359e-04 3.468395398063936399e-03
5.363091912554662430e-03 5.456328705108696563e-04 3.459710047554671094e-03
5.374750175651066796e-03 5.433192235568198728e-04 3.451054296316319412e-03
5.386408438747471161e-03 5.410202618660272557e-04 3.442427972838471746e-03
5.398066701843875527e-03 5.387358614150154204e-04 3.433830902795218486e-03
5.409724964940279893e-03 5.364658994868904286e-04 3.425262911527412676e-03
5.421383228036684258e-03 5.342102546548572290e-04 3.416723825501774992e-03
5.433041491133088624e-03 5.319688067659776587e-04 3.408213489025721608e-03
5.444699754229492990e-03 5.297414369251676183e-04 3.399731759247197251e-03
5.456358017325897355e-03 5.275280274794270268e-04 3.391278488057438388e-03
5.468016280422301721e-03 5.253284620023009272e-04 3.382853526609810348e-03
5.479674543518706087e-03 5.231426252785668658e-04 3.374456725215972414e-03
5.491332806615110453e-03 5.209704032891437735e-04 3.366087934991690220e-03
5.502991069711514818e-03 5.188116831962216995e-04 3.357747005149118013e-03
5.514649332807919184e-03 5.166663533286040486e-04 3.349433807005934918e-03
5.526307595904323550e-03 5.145343031672657908e-04 3.341148218088781357e-03
5.537965859000727915e-03 5.124154233311134423e-04 3.337769102214404020e-03
5.549624122097132281e-03 5.103096055629575490e-04 3.329573938344816079e-03
5.561282385193536647e-03 5.082167427156802182e-04 3.321405934494509916e-03
5.572940648289941012e-03 5.061367287386045292e-04 3.313265010875194542e-03
5.584598911386345378e-03 5.040694586640570400e-04 3.305151071708820835e-03
5.596257174482749744e-03 5.020148285941229563e-04 3.297063994858715624e-03
5.607915437579154110e-03 4.999727356875891936e-04 3.289003583684078479e-03
5.619573700675558475e-03 4.979430781470739215e-04 3.280969597491386561e-03
5.631231963771962841e-03 4.959257552063372782e-04 3.272961798981502066e-03
5.642890226868367207e-03 4.939206671177742312e-04 3.264979937139838705e-03
5.654548489964771572e-03 4.919277151400797176e-04 3.257023783042076008e-03
5.666206753061175938e-03 4.899468015260923523e-04 3.249093119807751166e-03
5.677865016157580304e-03 4.879778295108066761e-04 3.241187698027211961e-03
5.689523279253984669e-03 4.860207032995538879e-04 3.233307323613121911e-03
5.701181542350389035e-03 4.840753280563482976e-04 3.225451908400845270e-03
5.712839805446793401e-03 4.821416098923974941e-04 3.212245445124829214e-03
5.724498068543197767e-03 4.802194558547709683e-04 3.204413017340000235e-03
5.736156331639602132e-03 4.783087739152294703e-04 3.196606509291344180e-03
5.747814594736006498e-03 4.764094729592076175e-04 3.188825889138067159e-03
5.759472857832409996e-03 4.745214627749484541e-04 3.181071127059491993e-03
5.771131120928814362e-03 4.726446540427913716e-04 3.173342196559261058e-03
5.782789384025218728e-03 4.707789583246052025e-04 3.165639068482860047e-03
5.794447647121623093e-03 4.689242880533695261e-04 3.157961704537070539e-03
5.806105910218027459e-03 4.670805565228965399e-04 3.150310069517098591e-03
5.817764173314431825e-03 4.652476778776971304e-04 3.142684127870151289e-03
5.817764173314431825e-03 4.655156823868307481e-04 3.175153331991543634e-03
5.946011479740200868e-03 4.461184886385037508e-04 3.100962050511879044e-03
6.074258786165969912e-03 4.279180260285009741e-04 3.030032773758152814e-03
6.202506092591738955e-03 4.108174757803151637e-04 2.962157655004227924e-03
6.330753399017507999e-03 3.947296368556467449e-04 2.897146029770039048e-03
6.459000705443277042e-03 3.795758002343557194e-04 2.834822682712742105e-03
6.587248011869046085e-03 3.652847741207310129e-04 2.775026319642632990e-03
6.715495318294815129e-03 3.517920373691407906e-04 2.717608216935206173e-03
6.843742624720584172e-03 3.390390021964930596e-04 2.662431024808095941e-03
6.971989931146353216e-03 3.269723703385790572e-04 2.609367704428105714e-03
7.100237237572122259e-03 3.155435693465296633e-04 2.558300581736807060e-03
7.228484543997891303e-03 3.047082578143323799e-04 2.509120503335609837e-03
7.356731850423660346e-03 2.944258900627570188e-04 2.461726081835582600e-03
7.484979156849429389e-03 2.846593322461651908e-04 2.416023019820587227e-03
7.613226463275198433e-03 2.753745230502011834e-04 2.371923503048992826e-03
7.741473769700967476e-03 2.665401731533877929e-04 2.329345654773871000e-03
7.869721076126736520e-03 2.581274984689792859e-04 2.288213044130595324e-03
7.997968382552504696e-03 2.501099828932269189e-04 2.248454242454189528e-03
8.126215688978274607e-03 2.424631668853870735e-04 2.210002422171301797e-03
8.254462995404044517e-03 2.351644587120370507e-04 2.172794993583877961e-03
8.382710301829812694e-03 2.281929656188390657e-04 2.136773275440389912e-03
8.510957608255580870e-03 2.215293425593781748e-04 2.101882195690144440e-03
8.639204914681350780e-03 2.151556564234294701e-04 2.068070019248468248e-03
8.767452221107120691e-03 2.090552639745392319e-04 2.035288099975475495e-03
8.895699527532888867e-03 2.032127019362190616e-04 2.003490654396933475e-03
9.023946833958657043e-03 1.976135878632434562e-04 1.972634554979531100e-03
9.152194140384426954e-03 1.922445306044212653e-04 1.942679141020543223e-03
9.280441446810196865e-03 1.870930493098828566e-04 1.913586045428468602e-03
9.408688753235965041e-03 1.821475000628339311e-04 1.885319035861045354e-03
9.536936059661733217e-03 1.773970093257619060e-04 1.857843868853654035e-03
9.665183366087503128e-03 1.728314134866794382e-04 1.831128155717684633e-03
9.793430672513273039e-03 1.684412038742078759e-04 1.805141239117571354e-03
9.921677978939041215e-03 1.642174766828834360e-04 1.779854079349165461e-03
1.004992528536480939e-02 1.601518873134910256e-04 1.755239149442898178e-03
1.017817259179057930e-02 1.562366086887450234e-04 1.731270338304421183e-03
1.030641989821634921e-02 1.524642931533196760e-04 1.707922861184567841e-03
1.043466720464211739e-02 1.488280376099949715e-04 1.685173176840809237e-03
1.056291451106788556e-02 1.453213515813106278e-04 1.662998910814949671e-03
1.069116181749365548e-02 1.419381279192825159e-04 1.641378784307563534e-03
1.081940912391942539e-02 1.386726159150067437e-04 1.620292548179434093e-03
1.094765643034519356e-02 1.355193965858544490e-04 1.599720921654713491e-03
1.107590373677096174e-02 1.324733599408753403e-04 1.579645535340323250e-03
1.120415104319673165e-02 1.295296840453432361e-04 1.560048878211754047e-03
1.133239834962250156e-02 1.266838157234205530e-04 1.540914248247433243e-03
1.146064565604826974e-02 1.239314527539598688e-04 1.522225706422544256e-03
1.158889296247403791e-02 1.212685274287484403e-04 1.503968033799060831e-03
1.171714026889980782e-02 1.186911913552393178e-04 1.486126691472017172e-03
1.184538757532557773e-02 1.161958013971840141e-04 1.468687783153049559e-03
1.197363488175134591e-02 1.137789066567501998e-04 1.451638020191182814e-03
1.210188218817711409e-02 1.114372364108068080e-04 1.434964688847967544e-03
1.223012949460288400e-02 1.091676889222146113e-04 1.418655619659579510e-03
1.235837680102865391e-02 1.069673210542773824e-04 1.402699158732515503e-03
1.248662410745442208e-02 1.048333386230814021e-04 1.387084140832260367e-03
1.261487141388019026e-02 1.027630874283624743e-04 1.371799864135845063e-03
1.274311872030596017e-02 1.007540449088624272e-04 1.356836066529719820e-03
1.287136602673173008e-02 9.880381237293221189e-05 1.342182903343907196e-03
1.299961333315749826e-02 9.691010775946845470e-05 1.327830926422097352e-03
1.312786063958326643e-02 9.507075888817885642e-05 1.313771064435263368e-03
1.325610794600903634e-02 9.328369716170661387e-05 1.299994604353608453e-03
1.338435525243480625e-02 9.154695168534350775e-05 1.286493173998246682e-03
1.351260255886057443e-02 8.985864377295926363e-05 1.273258725600043143e-03
1.364084986528634261e-02 8.821698181040342815e-05 1.260283520298568181e-03
1.376909717171211252e-02 8.662025645002226334e-05 1.247560113519149581e-03
1.389734447813788243e-02 8.506683611210029276e-05 1.235081341170643455e-03
1.402559178456365060e-02 8.355516277100774082e-05 1.222840306610778211e-03
1.415383909098941878e-02 8.208374800562961082e-05 1.210830368329820833e-03
1.428208639741518869e-02 8.065116929528687957e-05 1.199045128306885661e-03
1.441033370384095860e-02 7.925606654385055011e-05 1.187478420996494885e-03
1.453858101026672678e-02 7.789713881610965196e-05 1.176124302906018807e-03
1.466682831669249495e-02 7.657314127169681495e-05 1.164977042727404931e-03
1.479507562311826487e-02 7.528288228301083934e-05 1.154031111989175552e-03
1.492332292954403478e-02 7.402522072461391680e-05 1.143281176197025401e-03
1.505157023596980295e-02 7.279906342253319486e-05 1.132722086433540299e-03
1.517981754239557113e-02 7.160336275276734405e-05 1.122348871389566632e-03
1.530806484882134104e-02 7.043711437909821007e-05 1.112156729801621257e-03
1.543631215524711095e-02 6.929935512104120417e-05 1.102141023271452315e-03
1.556455946167287913e-02 6.818916094344062951e-05 1.092297269445452164e-03
1.569280676809864730e-02 6.710564505983644006e-05 1.082621135533093620e-03
1.582105407452441548e-02 6.604795614229690170e-05 1.073108432144929351e-03
1.594930138095018712e-02 6.501527663093606716e-05 1.063755107431957206e-03
1.607754868737595530e-02 6.400682113681716208e-05 1.054557241509326013e-03
1.620579599380172348e-02 6.302183493238731210e-05 1.045511041148442346e-03
1.633404330022749512e-02 6.205959252399956120e-05 1.036612834722564196e-03
1.646229060665326330e-02 6.111939630145579911e-05 1.027859067391886233e-03
1.659053791307903147e-02 6.020057525985351212e-05 1.019246296515009071e-03
1.671878521950479965e-02 5.930248378934268889e-05 1.010771187274496193e-03
1.684703252593056783e-02 5.842450052869655548e-05 1.002430508504975875e-03
1.697527983235633947e-02 5.756602727887663080e-05 9.942211287129482794e-04
1.710352713878210765e-02 5.672648797302763874e-05 9.861400122781213782e-04
1.723177444520787582e-02 5.590532769957447435e-05 9.781842158267037290e-04
1.736002175163364747e-02 5.510201177531299935e-05 9.703508847676617279e-04
1.748826905805941564e-02 5.431602486558948623e-05 9.626372499834752374e-04
1.761651636448518382e-02 5.354687014885204597e-05 9.550406246674244398e-04
1.774476367091095200e-02 5.279406852303327249e-05 9.475584012999115242e-04
1.787301097733672017e-02 5.205715785138498487e-05 9.401880487567486431e-04
1.800125828376249182e-02 5.133569224553782460e-05 9.329271095427553537e-04
1.812950559018825999e-02 5.062924138369911346e-05 9.257731971443877977e-04
1.825775289661402817e-02 4.993738986203223774e-05 9.187239934954752113e-04
1.838600020303979982e-02 4.925973657738400360e-05 9.117772465504800188e-04
1.851424750946556799e-02 4.859589413963843335e-05 9.049307679600054541e-04
1.864249481589133617e-02 4.794548831208184650e-05 8.981824308435668513e-04
1.877074212231710434e-02 4.730815747826233180e-05 8.915301676549229008e-04
1.889898942874287252e-02 4.668355213391870426e-05 8.849719681355178473e-04
1.902723673516864417e-02 4.607133440263941560e-05 8.785058773518272758e-04
1.915548404159441234e-02 4.547117757399232702e-05 8.721299938126313893e-04
1.928373134802018052e-02 4.488276566294054890e-05 8.658424676624472014e-04
1.941197865444595216e-02 4.430579298942982782e-05 8.596414989475610743e-04
1.954022596087172034e-02 4.373996377709801428e-05 8.535253359512835541e-04
1.966847326729748852e-02 4.318499177011789967e-05 8.474922735952304925e-04
1.979672057372325669e-02 4.264059986724273011e-05 8.415406519036008675e-04
1.992496788014902487e-02 4.210651977217618635e-05 8.356688545275809885e-04
2.005321518657479651e-02 4.158249165943936690e-05 8.298753073271504825e-04
2.018146249300056469e-02 4.106826385495412825e-05 8.241584770077060862e-04
2.030970979942633287e-02 4.056359253060583660e-05 8.185168698090524017e-04
2.043795710585210451e-02 4.006824141209034052e-05 8.129490302444329197e-04
2.056620441227787269e-02 3.958198149938828726e-05 8.074535398873908384e-04
2.069445171870364086e-02 3.910459079924630038e-05 8.020290162043584945e-04
2.082269902512940904e-02 3.863585406907878405e-05 7.966741114309840513e-04
2.095094633155517722e-02 3.817556257173610964e-05 7.913875114902972239e-04
2.107919363798094886e-02 3.772351384061491201e-05 7.861679349509102539e-04
2.120744094440671704e-02 3.727951145461466269e-05 7.810141320235421776e-04
2.133568825083248521e-02 3.684336482247114173e-05 7.759248835942330388e-04
2.146393555725825339e-02 3.641488897602273938e-05 7.708990002926944911e-04
2.159218286368402503e-02 3.599390437198871372e-05 7.659353215943211918e-04
2.172043017010979321e-02 3.558023670186102118e-05 7.610327149544543913e-04
2.184867747653556139e-02 3.517371670953188881e-05 7.561900749735548256e-04
2.197692478296133303e-02 3.477418001629934167e-05 7.514063225920105402e-04
2.210517208938710121e-02 3.438146695291124884e-05 7.466804043133604607e-04
2.223341939581286938e-02 3.399542239832571716e-05 7.420112914547720949e-04
2.236166670223863756e-02 3.361589562488265714e-05 7.373979794236679153e-04
2.248991400866440574e-02 3.324274014959639512e-05 7.328394870194427811e-04
2.261816131509017738e-02 3.287581359129422223e-05 7.283348557592663700e-04
2.274640862151594556e-02 3.251497753333935031e-05 7.238831492270070885e-04
2.287465592794171373e-02 3.216009739169013466e-05 7.194834524443604424e-04
2.300290323436748538e-02 3.181104228805946521e-05 7.151348712633047488e-04
2.313115054079325356e-02 3.146768492795021461e-05 7.108365317790479431e-04
2.325939784721902173e-02 3.112990148335338582e-05 7.065875797626612219e-04
2.338764515364478991e-02 3.079757147990621355e-05 7.023871801126413362e-04
2.351589246007055808e-02 3.047057768831741762e-05 6.982345163246637390e-04
2.364413976649632973e-02 3.014880601987580242e-05 6.941287899788325857e-04
2.377238707292209791e-02 2.983214542586778794e-05 6.900692202437572285e-04
2.390063437934786608e-02 2.952048780073717986e-05 6.860550433968144388e-04
2.402888168577363773e-02 2.921372788882905454e-05 6.820855123599872541e-04
2.415712899219940590e-02 2.891176319456667182e-05 6.781598962506929203e-04
2.428537629862517408e-02 2.861449389591761005e-05 6.742774799470390703e-04
2.441362360505094226e-02 2.832182276101216797e-05 6.704375636669726536e-04
2.454187091147671043e-02 2.803365506778330934e-05 6.666394625608065101e-04
2.467011821790248208e-02 2.774989852650352467e-05 6.628825063166310372e-04
2.479836552432825025e-02 2.747046320509989660e-05 6.591660387781395373e-04
2.492661283075401843e-02 2.719526145713379198e-05 6.554894175744137253e-04
2.505486013717979007e-02 2.692420785233715698e-05 6.518520137612376659e-04
2.518310744360555825e-02 2.665721910960212448e-05 6.482532114735223977e-04
2.531135475003132643e-02 2.639421403232513925e-05 6.446924075884432346e-04
2.543960205645709460e-02 2.613511344601171250e-05 6.411690113989083201e-04
2.556784936288286278e-02 2.587984013805164749e-05 6.376824442969891574e-04
2.569609666930863442e-02 2.562831879957889114e-05 6.342321394669628081e-04
2.582434397573440260e-02 2.538047596933390028e-05 6.308175415876273806e-04
2.595259128216017078e-02 2.513623997944990776e-05 6.274381065435656558e-04
2.608083858858594242e-02 2.489554090308819366e-05 6.240933011450443832e-04
2.620908589501171060e-02 2.465831050385048923e-05 6.207826028562534772e-04
2.633733320143747877e-02 2.442448218689982265e-05 6.175054995315927032e-04
2.646558050786324695e-02 2.419399095172425958e-05 6.142614891597327452e-04
2.659382781428901513e-02 2.396677334648054328e-05 6.110500796151853474e-04
2.672207512071478677e-02 2.374276742385758276e-05 6.078707884171243849e-04
2.685032242714055495e-02 2.352191269840212990e-05 6.047231424952164086e-04
2.697856973356632312e-02 2.330415010525151051e-05 6.016066779622208406e-04
2.710681703999209477e-02 2.308942196022061862e-05 5.985209398931362569e-04
2.723506434641786295e-02 2.287767192119258272e-05 5.954654821106725561e-04
2.736331165284363112e-02 2.266884495076454837e-05 5.924398669768386793e-04
2.749155895926939930e-02 2.246288728010222092e-05 5.894436651904457359e-04
2.761980626569516747e-02 2.225974637395860758e-05 5.864764555903292974e-04
2.774805357212093912e-02 2.205937089681418709e-05 5.835378249641039400e-04
2.787630087854670730e-02 2.186171068009773748e-05 5.806273678622703854e-04
2.800454818497247547e-02 2.166671669044833686e-05 5.777446864175014418e-04
2.813279549139824712e-02 2.147434099898108461e-05 5.748893901689379341e-04
2.826104279782401529e-02 2.128453675152028332e-05 5.720610958913373073e-04
2.838929010424978347e-02 2.109725813976540384e-05 5.692594274289149809e-04
2.851753741067555165e-02 2.091246037335662991e-05 5.664840155337326315e-04
2.864578471710131982e-02 2.073009965280790337e-05 5.637344977084877929e-04
2.877403202352709147e-02 2.055013314327692263e-05 5.610105180535648059e-04
2.890227932995285964e-02 2.037251894914251943e-05 5.583117271182164686e-04
2.903052663637862782e-02 2.019721608936115003e-05 5.556377817557424902e-04
2.915877394280439946e-02 2.002418447357532803e-05 5.529883449825441846e-04
2.928702124923016764e-02 1.985338487894784928e-05 5.503630858409336475e-04
2.941526855565593582e-02 1.968477892769668574e-05 5.477616792655807566e-04
2.954351586208170399e-02 1.951832906530643518e-05 5.451838059534877328e-04
2.967176316850747217e-02 1.935399853939312451e-05 5.426291522373819735e-04
2.980001047493324381e-02 1.919175137920002569e-05 5.400974099624236170e-04
2.992825778135901199e-02 1.903155237570306759e-05 5.375882763661266831e-04
3.005650508778478017e-02 1.887336706230513574e-05 5.351014539613981611e-04
3.018475239421055181e-02 1.871716169609949343e-05 5.326366504225980110e-04
3.031299970063631999e-02 1.856290323968316444e-05 5.301935784745338831e-04
3.044124700706208816e-02 1.841055934350183904e-05 5.277719557842994831e-04
3.056949431348785634e-02 1.826009832870874270e-05 5.253715048558728817e-04
3.069774161991362452e-02 1.811148917052030316e-05 5.229919529273950813e-04
3.082598892633939616e-02 1.796470148205225452e-05 5.206330318710469807e-04
3.095423623276516434e-02 1.781970549862041021e-05 5.182944780954504716e-04
3.108248353919093251e-02 1.767647206249083755e-05 5.159760324505184223e-04
3.121073084561670416e-02 1.753497260806482469e-05 5.136774401346845932e-04
3.133897815204247234e-02 1.739517914748448058e-05 5.113984506044416027e-04
3.146722545846823704e-02 1.725706425664541227e-05 5.091388174861221066e-04
3.159547276489400869e-02 1.712060106160325217e-05 5.068982984898586820e-04
3.172372007131978033e-02 1.698576322536162459e-05 5.046766553256593155e-04
3.185196737774555198e-02 1.685252493502906968e-05 5.024736536215388630e-04
3.198021468417131669e-02 1.672086088933341522e-05 5.002890628436467433e-04
3.210846199059708139e-02 1.659074628648214789e-05 4.981226562183367623e-04
3.223670929702285304e-02 1.646215681235789783e-05 4.959742106561214987e-04
3.236495660344862468e-02 1.633506862903852657e-05 4.938435066774613750e-04
3.249320390987439633e-02 1.620945836363153530e-05 4.917303283403342065e-04
3.262145121630016104e-02 1.608530309741314083e-05 4.896344631695374134e-04
3.274969852272592574e-02 1.596258035526241701e-05 4.875557020876743783e-04
3.287794582915169739e-02 1.584126809538143868e-05 4.854938393477791414e-04
3.300619313557746903e-02 1.572134469929264923e-05 4.834486724675325425e-04
3.313444044200324068e-02 1.560278896210476137e-05 4.814200021650278500e-04
3.326268774842901232e-02 1.548558008303918489e-05 4.794076322960431598e-04
3.339093505485477703e-02 1.536969765620891428e-05 4.774113697927792025e-04
3.351918236128054174e-02 1.525512166164221061e-05 4.754310246040224417e-04
3.364742966770631338e-02 1.514183245654372529e-05 4.734664096366970908e-04
3.377567697413208503e-02 1.502981076678591016e-05 4.715173406987658222e-04
3.390392428055785667e-02 1.491903767862371049e-05 4.695836364434450173e-04
3.403217158698362138e-02 1.480949463062597815e-05 4.676651183146989421e-04
3.416041889340938609e-02 1.470116340581704044e-05 4.657616104939778278e-04
3.428866619983515773e-02 1.459402612402228698e-05 4.638729398481692811e-04
3.441691350626092938e-02 1.448806523441168271e-05 4.619989358787290369e-04
3.454516081268670102e-02 1.438326350823534744e-05 4.601394306719596089e-04
3.467340811911246573e-02 1.427960403174563331e-05 4.582942588504088132e-04
3.480165542553823044e-02 1.417707019930018950e-05 4.564632575253574267e-04
3.492990273196400208e-02 1.407564570664075412e-05 4.546462662503683344e-04
3.505815003838977373e-02 1.397531454434262491e-05 4.528431269758687039e-04
3.518639734481554537e-02 1.387606099142974520e-05 4.510536840047401426e-04
3.531464465124131702e-02 1.377786960915075325e-05 4.492777839488891370e-04
3.544289195766708173e-02 1.368072523491133460e-05 4.475152756867740284e-04
3.557113926409284643e-02 1.358461297635833727e-05 4.457660103218629398e-04
3.569938657051861808e-02 1.348951820561144180e-05 4.440298411420004802e-04
3.582763387694438972e-02 1.339542655363811372e-05 4.423066235796585077e-04
3.595588118337016137e-02 1.330232390476776251e-05 4.405962151730495927e-04
3.608412848979592608e-02 1.321019639134126311e-05 4.388984755280816584e-04
3.621237579622169078e-02 1.311903038849194551e-05 4.372132662811312491e-04
3.634062310264746243e-02 1.302881250905443377e-05 4.355404510626172641e-04
3.646887040907323407e-02 1.293952959859774645e-05 4.338798954613533668e-04
3.659711771549900572e-02 1.285116873057918562e-05 4.322314669896600383e-04
3.672536502192477043e-02 1.276371720161566030e-05 4.305950350492184441e-04
3.685361232835053513e-02 1.267716252686924909e-05 4.289704708976467031e-04
3.698185963477630678e-02 1.259149243554378694e-05 4.273576476157811598e-04
3.711010694120207842e-02 1.250669486648953322e-05 4.257564400756460709e-04
3.723835424762785007e-02 1.242275796391280925e-05 4.241667249090942497e-04
3.736660155405362171e-02 1.233967007318791337e-05 4.225883804771017019e-04
3.749484886047937948e-02 1.225741973676842677e-05 4.210212868397023196e-04
3.762309616690515113e-02 1.217599569019522183e-05 4.194653257265447454e-04
3.775134347333092277e-02 1.209538685819868580e-05 4.179203805080593161e-04
3.787959077975669442e-02 1.201558235089243595e-05 4.163863361672173616e-04
3.800783808618246606e-02 1.193657146005624766e-05 4.148630792718713636e-04
3.813608539260823771e-02 1.185834365550570334e-05 4.133504979476596594e-04
3.826433269903399548e-02 1.178088858154631774e-05 4.118484818514654439e-04
3.839258000545976712e-02 1.170419605350984065e-05 4.103569221454126683e-04
3.852082731188553877e-02 1.162825605437066686e-05 4.088757114713917882e-04
3.864907461831131041e-02 1.155305873144009872e-05 4.074047439260963343e-04
3.877732192473708206e-02 1.147859439313655185e-05 4.059439150365645580e-04
3.890556923116283983e-02 1.140485350582962225e-05 4.044931217362098897e-04
3.903381653758861147e-02 1.133182669075612229e-05 4.030522623413305061e-04
3.916206384401438312e-02 1.125950472100628500e-05 4.016212365280884657e-04
3.929031115044015476e-02 1.118787851857814601e-05 4.001999453099440462e-04
3.941855845686592641e-02 1.111693915149852766e-05 3.987882910155376949e-04
3.954680576329168418e-02 1.104667783100879410e-05 3.973861772670083162e-04
3.967505306971745582e-02 1.097708590881373230e-05 3.959935089587373258e-04
3.980330037614322747e-02 1.090815487439201914e-05 3.946101922365106095e-04
3.993154768256899911e-02 1.083987635236659581e-05 3.932361344770859751e-04
4.005979498899477076e-02 1.077224209993349076e-05 3.918712442681597519e-04
4.018804229542054240e-02 1.070524400434760408e-05 3.905154313887220234e-04
4.031628960184630017e-02 1.063887408046400624e-05 3.891686067897918186e-04
4.044453690827207182e-02 1.057312446833332511e-05 3.878306825755234791e-04
4.057278421469784346e-02 1.050798743084996914e-05 3.865015719846779697e-04
4.070103152112361511e-02 1.044345535145170104e-05 3.851811893724476927e-04
4.082927882754938675e-02 1.037952073186942535e-05 3.838694501926288969e-04
4.095752613397514452e-02 1.031617618992587174e-05 3.825662709801350148e-04
4.108577344040091617e-02 1.025341445738194090e-05 3.812715693338395969e-04
4.121402074682668781e-02 1.019122837782965592e-05 3.799852638997467291e-04
4.134226805325245946e-02 1.012961090463039255e-05 3.787072743544773871e-04
4.147051535967823110e-02 1.006855509889742802e-05 3.774375213890666307e-04
4.159876266610398887e-02 1.000805412752164109e-05 3.761759266930655141e-04
4.172700997252976052e-02 9.948101261239329911e-06 3.749224129389386578e-04
4.185525727895553216e-02 9.888689872741161850e-06 3.736769037667549880e-04
4.198350458538130381e-02 9.829813434821184595e-06 3.724393237691608037e-04
4.211175189180707545e-02 9.771465518564983704e-06 3.712095984766321873e-04
4.223999919823284710e-02 9.713639791576032884e-06 3.699876543430000381e-04
4.236824650465860487e-02 9.656330016239305253e-06 3.687734187312412780e-04
4.249649381108437651e-02 9.599530048021251105e-06 3.675668198995304817e-04
4.262474111751014816e-02 9.543233833805323958e-06 3.663677869875480299e-04
4.275298842393591980e-02 9.487435410262119763e-06 3.651762500030371946e-04
4.288123573036169145e-02 9.432128902253380479e-06 3.639921398086059297e-04
4.300948303678744922e-02 9.377308521269040408e-06 3.628153881087682695e-04
4.313773034321322086e-02 9.322968563896483503e-06 3.616459274372196440e-04
4.326597764963899251e-02 9.269103410321384833e-06 3.604836911443429128e-04
4.339422495606476415e-02 9.215707522859228201e-06 3.593286133849373106e-04
4.352247226249053580e-02 9.162775444516901895e-06 3.581806291061686242e-04
4.365071956891629357e-02 9.110301797583635663e-06 3.570396740357342585e-04
4.377896687534206521e-02 9.058281282250560629e-06 3.559056846702390170e-04
4.390721418176783686e-02 9.006708675258314462e-06 3.547785982637782364e-04
4.403546148819360850e-02 8.955578828571941346e-06 3.536583528167222567e-04
4.416370879461938015e-02 8.904886668082529375e-06 3.525448870646996267e-04
4.429195610104515179e-02 8.854627192334943361e-06 3.514381404677741094e-04
4.442020340747090956e-02 8.804795471281060088e-06 3.503380531998120744e-04
4.454845071389668121e-02 8.755386645057891106e-06 3.492445661380352883e-04
4.467669802032245285e-02 8.706395922790127168e-06 3.481576208527575856e-04
4.480494532674822450e-02 8.657818581416404672e-06 3.470771595972988073e-04
4.493319263317399614e-02 8.609649964538867214e-06 3.460031252980748677e-04
4.506143993959975391e-02 8.561885481295447936e-06 3.449354615448588538e-04
4.518968724602552556e-02 8.514520605254367869e-06 3.438741125812102314e-04
4.531793455245129720e-02 8.467550873330370828e-06 3.428190232950694988e-04
4.544618185887706885e-02 8.420971884722173095e-06 3.417701392095136292e-04
4.557442916530284049e-02 8.374779299870678962e-06 3.407274064736697515e-04
4.570267647172859826e-02 8.328968839437494575e-06 3.396907718537847394e-04
4.583092377815436991e-02 8.283536283303265729e-06 3.386601827244455597e-04
4.595917108458014155e-02 8.238477469585465244e-06 3.376355870599499981e-04
4.608741839100591320e-02 8.193788293675119988e-06 3.366169334258226151e-04
4.621566569743168484e-02 8.149464707292093012e-06 3.356041709704741410e-04
4.634391300385745649e-02 8.105502717558546393e-06 3.345972494170012211e-04
4.647216031028321426e-02 8.061898386090134174e-06 3.335961190551243430e-04
4.660040761670898590e-02 8.018647828104551013e-06 3.326007307332596078e-04
4.672865492313475755e-02 7.975747211547099409e-06 3.316110358507241840e-04
4.685690222956052919e-02 7.933192756232853698e-06 3.306269863500709439e-04
4.698514953598630084e-02 7.890980733005068448e-06 3.296485347095498976e-04
4.711339684241205861e-02 7.849107462909521232e-06 3.286756339356956651e-04
4.724164414883783025e-02 7.807569316384378131e-06 3.277082375560358375e-04
4.736989145526360190e-02 7.766362712465344793e-06 3.267462996119210395e-04
4.749813876168937354e-02 7.725484118005657510e-06 3.257897746514715979e-04
4.762638606811514519e-02 7.684930046910699161e-06 3.248386177226402741e-04
4.775463337454090296e-02 7.644697059386867339e-06 3.238927843663882413e-04
4.788288068096667460e-02 7.604781761204399879e-06 3.229522306099718134e-04
4.801112798739244625e-02 7.565180802973916399e-06 3.220169129603394904e-04
4.813937529381821789e-02 7.525890879436289591e-06 3.210867883976344442e-04
4.826762260024398954e-02 7.486908728765648066e-06 3.201618143688033085e-04
4.839586990666976118e-02 7.448231131885191422e-06 3.192419487813072105e-04
4.852411721309551895e-02 7.409854911795574434e-06 3.183271499969344458e-04
4.865236451952129060e-02 7.371776932915545260e-06 3.174173768257116529e-04
4.878061182594706224e-02 7.333994100434683530e-06 3.165125885199135424e-04
4.890885913237283389e-02 7.296503359677863895e-06 3.156127447681671681e-04
4.903710643879860553e-02 7.259301695481284128e-06 3.147178056896501441e-04
4.916535374522436330e-02 7.222386131579804498e-06 3.138277318283815074e-04
4.929360105165013495e-02 7.185753730005323984e-06 3.129424841476021900e-04
4.942184835807590659e-02 7.149401590496031546e-06 3.120620240242449363e-04
4.955009566450167824e-02 7.113326849916252085e-06 3.111863132434906877e-04
4.967834297092744988e-02 7.077526681686697351e-06 3.103153139934108884e-04
4.980659027735320765e-02 7.041998295224902430e-06 3.094489888596934388e-04
4.993483758377897930e-02 7.006738935395630106e-06 3.085873008204509924e-04
5.006308489020475094e-02 6.971745881971082176e-06 3.077302132411106244e-04
5.019133219663052259e-02 6.937016449100653440e-06 3.068776898693826986e-04
5.031957950305629423e-02 6.902547984790086900e-06 3.060296948303072571e-04
5.044782680948206588e-02 6.868337870389815045e-06 3.051861926213779289e-04
5.057607411590782365e-02 6.834383520092323721e-06 3.043471481077402157e-04
5.070432142233359529e-02 6.800682380438310742e-06 3.035125265174642073e-04
5.083256872875936694e-02 6.767231929831547780e-06 3.026822934368897226e-04
5.096081603518513858e-02 6.734029678062170212e-06 3.018564148060426280e-04
5.108906334161091023e-02 6.701073165838302635e-06 3.010348569141210870e-04
5.121731064803666800e-02 6.668359964325822664e-06 3.002175863950510898e-04
5.134555795446243964e-02 6.635887674696092772e-06 2.994045702231082828e-04
5.147380526088821129e-02 6.603653927681550906e-06 2.985957757086079938e-04
5.160205256731398293e-02 6.571656383138932011e-06 2.977911704936587914e-04
5.173029987373975458e-02 6.539892729620031550e-06 2.969907225479808798e-04
5.185854718016551235e-02 6.508360683949834811e-06 2.961944001647873236e-04
5.198679448659128399e-02 6.477057990811857859e-06 2.954021719567268001e-04
5.211504179301705564e-02 6.445982422340610336e-06 2.946140068518875014e-04
5.224328909944282728e-02 6.415131777720963283e-06 2.938298740898606133e-04
5.237153640586859893e-02 6.384503882794360126e-06 2.930497432178620697e-04
5.249978371229437057e-02 6.354096589671682816e-06 2.922735840869123661e-04
5.262803101872012834e-02 6.323907776352700250e-06 2.915013668480729149e-04
5.275627832514589999e-02 6.293935346351893163e-06 2.907330619487376940e-04
5.288452563157167163e-02 6.264177228330638540e-06 2.899686401289805157e-04
5.301277293799744328e-02 6.234631375735523159e-06 2.892080724179547707e-04
5.314102024442321492e-02 6.205295766442748150e-06 2.884513301303473823e-04
5.326926755084897269e-02 6.176168402408458546e-06 2.876983848628834471e-04
5.339751485727474434e-02 6.147247309324914821e-06 2.869492084908828629e-04
5.352576216370051598e-02 6.118530536282395459e-06 2.862037731648668301e-04
5.365400947012628763e-02 6.090016155436684848e-06 2.854620513072135221e-04
5.378225677655205927e-02 6.061702261682093152e-06 2.847240156088627063e-04
5.391050408297781704e-02 6.033586972329859927e-06 2.839896390260674753e-04
5.403875138940358869e-02 6.005668426791860157e-06 2.832588947771932475e-04
5.416699869582936033e-02 5.977944786269528865e-06 2.825317563395632271e-04
5.429524600225513198e-02 5.950414233447858599e-06 2.818081974463482620e-04
5.442349330868090362e-02 5.923074972194429996e-06 2.810881920835021290e-04
5.455174061510667527e-02 5.895925227263334800e-06 2.803717144867402420e-04
5.467998792153243304e-02 5.868963244003945606e-06 2.796587391385617284e-04
5.480823522795820468e-02 5.842187288074381557e-06 2.789492407653131924e-04
5.493648253438397633e-02 5.815595645159663210e-06 2.782431943342955757e-04
5.506472984080974797e-02 5.789186620694392258e-06 2.775405750509105378e-04
5.519297714723551962e-02 5.762958539589917979e-06 2.768413583558478725e-04
5.532122445366127739e-02 5.736909745965898946e-06 2.761455199223129863e-04
5.544947176008704903e-02 5.711038602886160883e-06 2.754530356532921068e-04
5.557771906651282068e-02 5.685343492098814250e-06 2.747638816788573355e-04
5.570596637293859232e-02 5.659822813780502811e-06 2.740780343535087807e-04
5.583421367936436397e-02 5.634474986284739981e-06 2.733954702535535525e-04
5.596246098579012174e-02 5.609298445894251639e-06 2.727161661745218383e-04
5.609070829221589338e-02 5.584291646577242392e-06 2.720400991286184311e-04
5.621895559864166503e-02 5.559453059747542113e-06 2.713672463422103082e-04
5.634720290506743667e-02 5.534781174028524295e-06 2.706975852533481989e-04
5.647545021149320832e-02 5.510274495020754757e-06 2.700310935093229556e-04
5.660369751791897996e-02 5.485931545073295285e-06 2.693677489642553181e-04
5.673194482434473773e-02 5.461750863058605476e-06 2.687075296767190173e-04
5.686019213077050938e-02 5.437731004150943671e-06 2.680504139073963503e-04
5.698843943719628102e-02 5.413870539608278839e-06 2.673963801167658486e-04
5.711668674362205267e-02 5.390168056557549942e-06 2.667454069628217672e-04
5.724493405004782431e-02 5.366622157783300717e-06 2.660974732988244731e-04
5.737318135647358208e-02 5.343231461519589943e-06 2.654525581710811383e-04
5.750142866289935373e-02 5.319994601245106872e-06 2.648106408167571145e-04
5.762967596932512537e-02 5.296910225481481675e-06 2.641717006617165823e-04
5.775792327575089702e-02 5.273976997594682476e-06 2.635357173183925815e-04
5.788617058217666866e-02 5.251193595599476098e-06 2.629026705836853394e-04
5.801441788860242643e-02 5.228558711966894936e-06 2.622725404368896019e-04
5.814266519502819808e-02 5.206071053434641337e-06 2.616453070376486352e-04
5.827091250145396972e-02 5.183729340820409158e-06 2.610209507239370677e-04
5.839915980787974137e-02 5.161532308838032730e-06 2.603994520100694275e-04
5.852740711430551301e-02 5.139478705916441185e-06 2.597807915847360019e-04
5.865565442073128466e-02 5.117567294021366488e-06 2.591649503090642293e-04
5.878390172715704243e-02 5.095796848479745893e-06 2.585519092147065467e-04
5.891214903358281407e-02 5.074166157806776439e-06 2.579416495019526846e-04
5.904039634000858572e-02 5.052674023535596113e-06 2.573341525378678753e-04
5.916864364643435736e-02 5.031319260049504410e-06 2.567293998544549136e-04
5.929689095286012901e-02 5.010100694416723143e-06 2.561273731468403404e-04
5.942513825928588678e-02 4.989017166227619583e-06 2.555280542714851301e-04
5.955338556571165842e-02 4.968067527434369049e-06 2.549314252444180909e-04
5.968163287213743007e-02 4.947250642193018843e-06 2.543374682394928480e-04
5.980988017856320171e-02 4.926565386707889138e-06 2.537461655866671598e-04
5.993812748498897336e-02 4.906010649078296444e-06 2.531574997703052205e-04
6.006637479141473113e-02 4.885585329147547957e-06 2.525714534275012662e-04
6.019462209784050277e-02 4.865288338354160223e-06 2.519880093464254623e-04
6.032286940426627442e-02 4.845118599585296184e-06 2.514071504646910407e-04
6.045111671069204606e-02 4.825075047032339279e-06 2.508288598677424160e-04
6.057936401711781771e-02 4.805156626048604615e-06 2.502531207872641739e-04
6.070761132354358935e-02 4.785362293009132150e-06 2.496799165996104949e-04
6.083585862996934712e-02 4.765691015172535612e-06 2.491092308242545835e-04
6.096410593639511877e-02 4.746141770544859743e-06 2.485410471222581534e-04
6.109235324282089041e-02 4.726713547745444164e-06 2.479753492947602131e-04
6.122060054924666206e-02 4.707405345874716776e-06 2.474121212814855823e-04
6.134884785567243370e-02 4.688216174383915857e-06 2.468513471592715704e-04
6.147709516209819147e-02 4.669145052946702740e-06 2.462930111406143861e-04
6.160534246852396312e-02 4.650191011332616782e-06 2.457370975722327324e-04
6.173358977494973476e-02 4.631353089282381103e-06 2.451835909336508626e-04
6.186183708137550641e-02 4.612630336384976084e-06 2.446324758357985504e-04
6.199008438780127805e-02 4.594021811956499254e-06 2.440837370196290027e-04
6.211833169422703582e-02 4.575526584920750588e-06 2.435373593547543371e-04
6.224657900065280747e-02 4.557143733691528807e-06 2.429933278380974854e-04
6.237482630707857911e-02 4.538872346056618354e-06 2.424516275925620392e-04
6.250307361350435076e-02 4.520711519063412001e-06 2.419122438657177643e-04
6.263132091993012240e-02 4.502660358906175840e-06 2.413751620285027285e-04
6.275956822635589405e-02 4.484717980814905859e-06 2.408403675739419377e-04
6.288781553278165182e-02 4.466883508945760838e-06 2.403078461158813400e-04
6.301606283920742346e-02 4.449156076273039394e-06 2.397775833877377678e-04
6.314431014563319511e-02 4.431534824482694385e-06 2.392495652412645192e-04
6.327255745205896675e-02 4.414018903867328776e-06 2.387237776453317393e-04
6.340080475848473840e-02 4.396607473222680593e-06 2.382002066847221965e-04
6.352905206491049617e-02 4.379299699745551213e-06 2.376788385589415065e-04
6.365729937133626781e-02 4.362094758933160912e-06 2.371596595810431278e-04
6.378554667776203946e-02 4.344991834483918956e-06 2.366426561764677777e-04
6.391379398418781110e-02 4.327990118199569270e-06 2.361278148818970785e-04
6.404204129061358275e-02 4.311088809888698988e-06 2.356151223441207282e-04
6.417028859703934052e-02 4.294287117271584464e-06 2.351045653189179840e-04
6.429853590346511216e-02 4.277584255886351881e-06 2.345961306699523719e-04
6.442678320989088381e-02 4.260979448996454997e-06 2.340898053676800311e-04
6.455503051631665545e-02 4.244471927499399718e-06 2.335855764882709866e-04
6.468327782274242710e-02 4.228060929836750237e-06 2.330834312125437040e-04
6.481152512916819874e-02 4.211745701905357440e-06 2.325833568249121935e-04
6.493977243559395651e-02 4.195525496969814663e-06 2.320853407123460162e-04
6.506801974201972816e-02 4.179399575576097603e-06 2.315893703633425959e-04
6.519626704844549980e-02 4.163367205466405315e-06 2.310954333669117827e-04
6.532451435487127145e-02 4.147427661495145557e-06 2.306035174115729925e-04
6.545276166129704309e-02 4.131580225546067865e-06 2.301136102843635693e-04
6.558100896772280086e-02 4.115824186450524023e-06 2.296256998698595602e-04
6.570925627414857251e-02 4.100158839906833916e-06 2.291397741492077675e-04
6.583750358057434415e-02 4.084583488400746598e-06 2.286558211991694277e-04
6.596575088700011580e-02 4.069097441126969460e-06 2.281738291911753023e-04
6.609399819342588744e-02 4.053700013911762976e-06 2.276937863903915292e-04
6.622224549985164521e-02 4.038390529136567975e-06 2.272156811547971296e-04
6.635049280627741686e-02 4.023168315662660366e-06 2.267395019342713803e-04
6.647874011270318850e-02 4.008032708756818916e-06 2.262652372696931130e-04
6.660698741912896015e-02 3.992983050017989985e-06 2.257928757920495274e-04
6.673523472555473179e-02 3.978018687304920417e-06 2.253224062215560355e-04
6.686348203198050344e-02 3.963138974664760286e-06 2.248538173667861896e-04
6.699172933840626121e-02 3.948343272262618556e-06 2.243870981238115577e-04
6.711997664483203285e-02 3.933630946312047087e-06 2.239222374753518984e-04
6.724822395125780450e-02 3.919001369006452138e-06 2.234592244899350399e-04
6.737647125768357614e-02 3.904453918451405428e-06 2.229980483210666255e-04
6.750471856410934779e-02 3.889987978597853891e-06 2.225386982064092090e-04
6.763296587053510556e-02 3.875602939176206963e-06 2.220811634669709743e-04
6.776121317696087720e-02 3.861298195631287836e-06 2.216254335063037775e-04
6.788946048338664885e-02 3.847073149058147844e-06 2.211714978097105411e-04
6.801770778981242049e-02 3.832927206138705861e-06 2.207193459434614845e-04
6.814595509623819214e-02 3.818859779079232180e-06 2.202689675540194609e-04
6.827420240266394991e-02 3.804870285548636241e-06 2.198203523672741862e-04
6.840244970908972155e-02 3.790958148617559875e-06 2.193734901877850585e-04
6.853069701551549320e-02 3.777122796698271424e-06 2.189283708980327610e-04
6.865894432194126484e-02 3.763363663485328118e-06 2.184849844576794832e-04
6.878719162836703649e-02 3.749680187897010949e-06 2.180433209028370038e-04
6.891543893479280813e-02 3.736071814017520174e-06 2.176033703453436358e-04
6.904368624121857978e-02 3.722537991039911555e-06 2.171651229720490597e-04
6.917193354764433755e-02 3.709078173209770787e-06 2.167285690441073966e-04
6.930018085407010919e-02 3.695691819769604933e-06 2.162936988962777354e-04
6.942842816049588084e-02 3.682378394903963164e-06 2.158605029362335227e-04
6.955667546692165248e-02 3.669137367685241471e-06 2.154289716438785400e-04
6.968492277334742413e-02 3.655968212020193807e-06 2.149990955706713915e-04
6.981317007977318190e-02 3.642870406597118310e-06 2.145708653389571475e-04
